2.34647952782074
4.25544636425253
3.56411545168306
2.28632765660179
0.71739278105325
2.57501478319684
2.36151448539334
0.422313251822941
2.02245327734446
1.27943275612087
1.75596334046366
1.09094107020286
1.54090567707108
1.44755283587305
0.0546744687312594
0.803108870119211
0.742035470026738
0.684477340601243
1.06110357490079
1.99671673018786
0.579130627820333
0.938986631090642
0.490309261342265
0.832086576269553
0.409609317466948
-0.225558426105432
0.5959387610849
0.334733228279866
0.299574626576052
0.600288760996677
0.265610167752115
0.202532578779287
0.4818712519849
0.444650541166647
0.408765497192842
-0.514784625310851
0.339900294651047
0.306809485559289
0.00817602578293182
0.243539084290905
0.213245908602138
1.18384342744087
0.183843427440875
0.156073930500883
0.129054742810774
0.129054742810774
0.0777868035758982
0.052793511254468
-0.167383909165709
0.00494845130634894
-0.223700258446307
0.958645092420238
-0.241842468807266
0.936610568127942
-0.259268772525442
-0.084587464254356
-0.084587464254356
0.874740792827879
-0.125259207172121
-0.125259207172121
-0.163592337270966
-0.182398453667154
0.799142571564702
-0.200857428435298
-0.218659198359716
0.341047968685369
-0.236149608035206
-0.253208435842297
-0.253208435842297
-0.286200480247454
-0.302428799731514
-0.318397966475754
-0.334116127289053
-0.349591050766559
-0.364830150344235
-0.379840505623119
-0.379840505623119
-0.532588716784922
-0.423393067104932
-0.423393067104932
-0.543982551865292
-0.464942931216252
-0.464942931216252
-0.464942931216252
-0.608392230623481
0.349191318863066
-0.530685916439585
-0.543218440683814
-0.648536919644104
-0.567853263047985
-0.57996225629062
-0.591926376087481
-0.603749048021011
-0.615433577594693
-0.615433577594693
-0.638268994532972
-0.638268994532972
-0.660594597029837
-0.671634165766593
0.317446806849989
-0.111428543725104
-0.682553193150011
-0.682553193150011
-0.713359591325164
-0.713359591325164
-0.733483885430465
-0.743445794291234
-0.28187419353122
-0.762643062979686
-0.762643062979686
-0.781478738150947
-0.827179483099077
-0.440181752333064
-0.800001998845159
-0.800001998845159
-0.826604471988349
-0.83539402178197
-0.869819119659521
-0.852700698954283
-0.852700698954283
-0.869712950579741
-0.896960712034243
-0.886469937802506
-0.70547336091078
-0.89477881553489
-0.910888059874715
-0.750565056255161
-0.910888059874715
-0.910888059874715
-0.941668789472539
-0.836723987873797
-0.941668789472539
-0.963932148641585
-0.971298601039422
-0.97861118563096
-0.960450361575973
-0.98587068452276
